7.376977e+03 5.00000e-02 
7.332132e+03 5.86207e-02 
7.287287e+03 6.72414e-02 
7.242442e+03 7.58621e-02 
7.197598e+03 8.44828e-02 
7.158358e+03 9.31034e-02 
7.113514e+03 1.01724e-01 
7.068669e+03 1.10345e-01 
7.023824e+03 1.18966e-01 
6.984585e+03 1.27586e-01 
6.939740e+03 1.36207e-01 
6.894895e+03 1.44828e-01 
6.855656e+03 1.53448e-01 
6.810811e+03 1.62069e-01 
6.765966e+03 1.70690e-01 
6.721121e+03 1.79310e-01 
6.681882e+03 1.87931e-01 
6.637037e+03 1.96552e-01 
6.592192e+03 2.05172e-01 
6.547347e+03 2.13793e-01 
6.502503e+03 2.22414e-01 
6.457658e+03 2.31034e-01 
6.418418e+03 2.39655e-01 
6.373574e+03 2.48276e-01 
6.328729e+03 2.56897e-01 
6.283884e+03 2.65517e-01 
6.239039e+03 2.74138e-01 
6.194194e+03 2.82759e-01 
6.149349e+03 2.91379e-01 
6.104505e+03 3.00000e-01 
