8.882500e+03 4.88038e-02 
8.297300e+03 6.71451e-02 
7.816600e+03 8.54864e-02 
7.398600e+03 1.03828e-01 
7.022400e+03 1.22169e-01 
6688 1.40510e-01 
6.395400e+03 1.58852e-01 
6.123700e+03 1.77193e-01 
5.872900e+03 1.95534e-01 
5.663900e+03 2.13876e-01 
5.454900e+03 2.32217e-01 
5.245900e+03 2.50558e-01 
5.078700e+03 2.68900e-01 
4.911500e+03 2.87241e-01 
4.765200e+03 3.05582e-01 
4.618900e+03 3.23923e-01 
4.472600e+03 3.42265e-01 
4.347200e+03 3.60606e-01 
4.221800e+03 3.78947e-01 
4.117300e+03 3.97289e-01 
4.012800e+03 4.15630e-01 
3.908300e+03 4.33971e-01 
3.803800e+03 4.52313e-01 
3.720200e+03 4.70654e-01 
3.636600e+03 4.88995e-01 
