6.324324e+03 3.00000e-02 
6.164164e+03 4.62069e-02 
6.012012e+03 6.24138e-02 
5.875876e+03 7.86207e-02 
5.755756e+03 9.48276e-02 
5.635636e+03 1.11034e-01 
5.531532e+03 1.27241e-01 
5.427427e+03 1.43448e-01 
5.339339e+03 1.59655e-01 
5.251251e+03 1.75862e-01 
5.171171e+03 1.92069e-01 
5.091091e+03 2.08276e-01 
5.019019e+03 2.24483e-01 
4.946947e+03 2.40690e-01 
4.882883e+03 2.56897e-01 
4.826827e+03 2.73103e-01 
4.762763e+03 2.89310e-01 
4.706707e+03 3.05517e-01 
4.658659e+03 3.21724e-01 
4.602603e+03 3.37931e-01 
4.554555e+03 3.54138e-01 
4.506507e+03 3.70345e-01 
4.458458e+03 3.86552e-01 
4.418418e+03 4.02759e-01 
4.378378e+03 4.18966e-01 
4.338338e+03 4.35172e-01 
4.298298e+03 4.51379e-01 
4.258258e+03 4.67586e-01 
4.218218e+03 4.83793e-01 
4.186186e+03 5.00000e-01 
