8.004700e+03 3.44498e-02 
7.189600e+03 4.88038e-02 
6.562600e+03 6.31579e-02 
6061 7.75120e-02 
5643 9.18660e-02 
5.308600e+03 1.06220e-01 
4.995100e+03 1.20574e-01 
4.744300e+03 1.34928e-01 
4.514400e+03 1.49282e-01 
4.305400e+03 1.63636e-01 
4.138200e+03 1.77990e-01 
3971 1.92344e-01 
3.803800e+03 2.06699e-01 
3.678400e+03 2.21053e-01 
3553 2.35407e-01 
3.427600e+03 2.49761e-01 
3.323100e+03 2.64115e-01 
3.218600e+03 2.78469e-01 
3135 2.92823e-01 
3.030500e+03 3.07177e-01 
2.946900e+03 3.21531e-01 
2.884200e+03 3.35885e-01 
2.800600e+03 3.50239e-01 
2.737900e+03 3.64593e-01 
2.675200e+03 3.78947e-01 
2.612500e+03 3.93301e-01 
