9.342300e+03 3.44498e-02 
8.652600e+03 4.88038e-02 
8.088300e+03 6.31579e-02 
7.607600e+03 7.75120e-02 
7.210500e+03 9.18660e-02 
6.855200e+03 1.06220e-01 
6.541700e+03 1.20574e-01 
6270 1.34928e-01 
6.019200e+03 1.49282e-01 
5.789300e+03 1.63636e-01 
5.601200e+03 1.77990e-01 
5.413100e+03 1.92344e-01 
5.245900e+03 2.06699e-01 
5.078700e+03 2.21053e-01 
4.932400e+03 2.35407e-01 
4.786100e+03 2.49761e-01 
4.660700e+03 2.64115e-01 
4.556200e+03 2.78469e-01 
4.430800e+03 2.92823e-01 
4.326300e+03 3.07177e-01 
4.221800e+03 3.21531e-01 
4.138200e+03 3.35885e-01 
4.054600e+03 3.50239e-01 
3971 3.64593e-01 
3.887400e+03 3.78947e-01 
3.803800e+03 3.93301e-01 
