9.671640e+03 1.78253e-01 
9.492120e+03 1.96078e-01 
9.312600e+03 2.13904e-01 
9.155520e+03 2.31729e-01 
8.998440e+03 2.49554e-01 
8.841360e+03 2.67380e-01 
8.684280e+03 2.85205e-01 
8.549640e+03 3.03030e-01 
8415 3.20856e-01 
8.280360e+03 3.38681e-01 
8.145720e+03 3.56506e-01 
8.011080e+03 3.74332e-01 
7.876440e+03 3.92157e-01 
7.764240e+03 4.09982e-01 
7.652040e+03 4.27807e-01 
7.539840e+03 4.45633e-01 
7.427640e+03 4.63458e-01 
7.315440e+03 4.81283e-01 
7.203240e+03 4.99109e-01 
7.091040e+03 5.16934e-01 
7.001280e+03 5.34759e-01 
