9.806280e+03 1.78253e-01 
9537 1.96078e-01 
9.267720e+03 2.13904e-01 
8.998440e+03 2.31729e-01 
8.751600e+03 2.49554e-01 
8.482320e+03 2.67380e-01 
8.213040e+03 2.85205e-01 
7.966200e+03 3.03030e-01 
7.719360e+03 3.20856e-01 
7.472520e+03 3.38681e-01 
7.248120e+03 3.56506e-01 
7.023720e+03 3.74332e-01 
6.821760e+03 3.92157e-01 
6.619800e+03 4.09982e-01 
6.440280e+03 4.27807e-01 
6.260760e+03 4.45633e-01 
6.081240e+03 4.63458e-01 
5.924160e+03 4.81283e-01 
5.767080e+03 4.99109e-01 
5.632440e+03 5.16934e-01 
5.475360e+03 5.34759e-01 
