9.766400e+03 5.44643e-02 
9408 6.80512e-02 
9.049600e+03 8.16382e-02 
8736 9.52252e-02 
8.444800e+03 1.08812e-01 
8.176000e+03 1.22399e-01 
7.907200e+03 1.35986e-01 
7.660800e+03 1.49573e-01 
7.436800e+03 1.63160e-01 
7.212800e+03 1.76747e-01 
7.011200e+03 1.90334e-01 
6.832000e+03 2.03921e-01 
6.630400e+03 2.17508e-01 
6.473600e+03 2.31095e-01 
6.294400e+03 2.44682e-01 
6.137600e+03 2.58269e-01 
5.980800e+03 2.71856e-01 
5.846400e+03 2.85443e-01 
5712 2.99030e-01 
5.577600e+03 3.12616e-01 
5.443200e+03 3.26203e-01 
5.331200e+03 3.39790e-01 
5.196800e+03 3.53377e-01 
5.084800e+03 3.66964e-01 
