7.449449e+03 3.00000e-02 
7.407407e+03 4.62069e-02 
7.365365e+03 6.24138e-02 
7.323323e+03 7.86207e-02 
7.281281e+03 9.48276e-02 
7.239239e+03 1.11034e-01 
7.199199e+03 1.27241e-01 
7.157157e+03 1.43448e-01 
7.115115e+03 1.59655e-01 
7.073073e+03 1.75862e-01 
7.031031e+03 1.92069e-01 
6.988989e+03 2.08276e-01 
6.948949e+03 2.24483e-01 
6.904905e+03 2.40690e-01 
6.862863e+03 2.56897e-01 
6.820821e+03 2.73103e-01 
6.778779e+03 2.89310e-01 
6.734735e+03 3.05517e-01 
6.692693e+03 3.21724e-01 
6.648649e+03 3.37931e-01 
6.604605e+03 3.54138e-01 
6.560561e+03 3.70345e-01 
6.516517e+03 3.86552e-01 
6.472472e+03 4.02759e-01 
6.426426e+03 4.18966e-01 
6.380380e+03 4.35172e-01 
6.334334e+03 4.51379e-01 
6.290290e+03 4.67586e-01 
6.242242e+03 4.83793e-01 
6.196196e+03 5.00000e-01 
