6.948949e+03 3.00000e-02 
6.836837e+03 4.62069e-02 
6.724725e+03 6.24138e-02 
6.628629e+03 7.86207e-02 
6.524525e+03 9.48276e-02 
6.436436e+03 1.11034e-01 
6.340340e+03 1.27241e-01 
6.252252e+03 1.43448e-01 
6.172172e+03 1.59655e-01 
6.084084e+03 1.75862e-01 
6.004004e+03 1.92069e-01 
5.931932e+03 2.08276e-01 
5.851852e+03 2.24483e-01 
5.779780e+03 2.40690e-01 
5.715716e+03 2.56897e-01 
5.643644e+03 2.73103e-01 
5.579580e+03 2.89310e-01 
5.515516e+03 3.05517e-01 
5.451451e+03 3.21724e-01 
5.395395e+03 3.37931e-01 
5.331331e+03 3.54138e-01 
5.275275e+03 3.70345e-01 
5.219219e+03 3.86552e-01 
5.163163e+03 4.02759e-01 
5.115115e+03 4.18966e-01 
5.059059e+03 4.35172e-01 
5.011011e+03 4.51379e-01 
4.962963e+03 4.67586e-01 
4.914915e+03 4.83793e-01 
4.866867e+03 5.00000e-01 
