6.868869e+03 3.00000e-02 
6.748749e+03 4.62069e-02 
6.636637e+03 6.24138e-02 
6.532533e+03 7.86207e-02 
6.436436e+03 9.48276e-02 
6.340340e+03 1.11034e-01 
6.252252e+03 1.27241e-01 
6.164164e+03 1.43448e-01 
6.084084e+03 1.59655e-01 
6.012012e+03 1.75862e-01 
5.939940e+03 1.92069e-01 
5.867868e+03 2.08276e-01 
5.803804e+03 2.24483e-01 
5.739740e+03 2.40690e-01 
5.675676e+03 2.56897e-01 
5.619620e+03 2.73103e-01 
5.555556e+03 2.89310e-01 
5.507508e+03 3.05517e-01 
5.451451e+03 3.21724e-01 
5.403403e+03 3.37931e-01 
5.355355e+03 3.54138e-01 
5.307307e+03 3.70345e-01 
5.259259e+03 3.86552e-01 
5.219219e+03 4.02759e-01 
5.171171e+03 4.18966e-01 
5.131131e+03 4.35172e-01 
5.091091e+03 4.51379e-01 
5.051051e+03 4.67586e-01 
5.019019e+03 4.83793e-01 
4.978979e+03 5.00000e-01 
