6.836837e+03 3.00000e-02 
6.708709e+03 4.62069e-02 
6.588589e+03 6.24138e-02 
6.476476e+03 7.86207e-02 
6.364364e+03 9.48276e-02 
6.260260e+03 1.11034e-01 
6.156156e+03 1.27241e-01 
6.060060e+03 1.43448e-01 
5.971972e+03 1.59655e-01 
5.875876e+03 1.75862e-01 
5.787788e+03 1.92069e-01 
5.707708e+03 2.08276e-01 
5.627628e+03 2.24483e-01 
5.547548e+03 2.40690e-01 
5.475475e+03 2.56897e-01 
5.395395e+03 2.73103e-01 
5.323323e+03 2.89310e-01 
5.259259e+03 3.05517e-01 
5.187187e+03 3.21724e-01 
5.123123e+03 3.37931e-01 
5.059059e+03 3.54138e-01 
5.003003e+03 3.70345e-01 
4.938939e+03 3.86552e-01 
4.882883e+03 4.02759e-01 
4.826827e+03 4.18966e-01 
4.770771e+03 4.35172e-01 
4.714715e+03 4.51379e-01 
4.666667e+03 4.67586e-01 
4.610611e+03 4.83793e-01 
4.562563e+03 5.00000e-01 
