7.293293e+03 3.00000e-02 
7.229229e+03 4.62069e-02 
7.165165e+03 6.24138e-02 
7.101101e+03 7.86207e-02 
7.037037e+03 9.48276e-02 
6.972973e+03 1.11034e-01 
6.916917e+03 1.27241e-01 
6.852853e+03 1.43448e-01 
6.796797e+03 1.59655e-01 
6.740741e+03 1.75862e-01 
6.676677e+03 1.92069e-01 
6.620621e+03 2.08276e-01 
6.564565e+03 2.24483e-01 
6.508509e+03 2.40690e-01 
6.452452e+03 2.56897e-01 
6.396396e+03 2.73103e-01 
6.348348e+03 2.89310e-01 
6.292292e+03 3.05517e-01 
6.236236e+03 3.21724e-01 
6.188188e+03 3.37931e-01 
6.132132e+03 3.54138e-01 
6.084084e+03 3.70345e-01 
6.028028e+03 3.86552e-01 
5.979980e+03 4.02759e-01 
5.931932e+03 4.18966e-01 
5.883884e+03 4.35172e-01 
5.827828e+03 4.51379e-01 
5.779780e+03 4.67586e-01 
5.731732e+03 4.83793e-01 
5.683684e+03 5.00000e-01 
